%YAML:1.0
---
K: !!opencv-matrix
   rows: 3
   cols: 3
   dt: d
   data: [ 7.2024027227310637e+02, 0., 3.1357045927872389e+02, 0.,
       7.4021414895902205e+02, 1.3611423534596727e+02, 0., 0., 1. ]
D: !!opencv-matrix
   rows: 1
   cols: 5
   dt: d
   data: [ 1.8288333190075676e-01, -2.1646229596836677e+00,
       1.1487432689288604e-02, -1.6334503645749052e-02,
       4.9201265743595881e+00 ]
